00000.jpg;774;411;815;446;11
00001.jpg;983;388;1024;432;40
00001.jpg;386;494;442;552;38
00001.jpg;973;335;1031;390;13
00002.jpg;892;476;1006;592;39
00003.jpg;742;443;765;466;4
00003.jpg;742;466;764;489;9
00003.jpg;737;412;769;443;21
00004.jpg;898;342;967;409;21
00004.jpg;906;407;955;459;2
00005.jpg;1172;164;1284;278;9
00006.jpg;926;350;989;414;2
00007.jpg;825;406;864;445;9
00008.jpg;785;460;811;486;2
00008.jpg;779;424;816;461;12
00009.jpg;925;466;949;490;4
00010.jpg;1193;358;1269;436;12
00011.jpg;720;338;770;398;1
00011.jpg;710;265;780;342;21
00012.jpg;979;364;1034;418;1
00013.jpg;1043;281;1120;356;2
00014.jpg;712;492;732;511;21
00015.jpg;770;426;808;462;25
00016.jpg;901;421;959;478;12
00017.jpg;908;302;1031;408;30
00017.jpg;575;495;598;515;11
00018.jpg;950;455;981;486;4
00019.jpg;838;366;896;422;12
00019.jpg;845;423;888;465;2
00020.jpg;825;428;862;463;23
00021.jpg;825;388;877;437;27
00022.jpg;667;472;692;497;27
00023.jpg;998;292;1074;371;1
00023.jpg;46;350;136;444;23
00023.jpg;945;435;1006;492;23
00024.jpg;112;463;143;492;13
00025.jpg;731;422;772;459;13
00025.jpg;734;463;767;497;40
00026.jpg;453;411;492;451;1
00027.jpg;969;386;1024;441;2
00027.jpg;102;375;157;430;2
00028.jpg;775;399;833;453;25
00028.jpg;391;468;417;494;35
00029.jpg;1091;393;1133;436;15
00030.jpg;394;511;420;537;38
00031.jpg;763;426;812;473;25
00031.jpg;597;456;628;488;12
00032.jpg;678;443;707;469;13
00032.jpg;683;469;703;493;33
00033.jpg;22;505;88;571;38
00034.jpg;866;430;899;460;28
00035.jpg;264;475;302;514;38
00035.jpg;678;439;714;474;13
00036.jpg;1133;393;1164;424;12
00036.jpg;1138;424;1163;450;35
00037.jpg;668;527;690;548;38
00038.jpg;1120;444;1142;464;12
00039.jpg;938;167;1022;251;12
00039.jpg;953;252;1015;313;35
00040.jpg;1040;310;1130;400;33
00040.jpg;1017;202;1141;313;13
00041.jpg;997;484;1031;517;38
00042.jpg;916;300;995;374;18
00043.jpg;1036;296;1097;357;12
00043.jpg;1047;357;1092;402;36
00043.jpg;110;444;143;480;35
00044.jpg;752;403;782;433;12
00045.jpg;178;504;240;597;38
00046.jpg;1045;126;1166;247;12
00047.jpg;553;462;579;488;26
00048.jpg;780;443;811;474;40
00048.jpg;771;405;815;443;13
00048.jpg;341;523;380;562;38
00049.jpg;993;397;1025;430;37
00049.jpg;985;354;1028;397;12
00050.jpg;946;373;967;400;34
00050.jpg;941;339;972;372;13
00051.jpg;968;218;1037;287;12
00052.jpg;833;352;870;389;36
00052.jpg;829;281;879;331;12
00053.jpg;1156;333;1196;372;15
00053.jpg;766;438;799;471;35
00054.jpg;1113;436;1152;473;27
00054.jpg;1117;473;1146;502;0
00054.jpg;974;442;999;467;12
00054.jpg;456;520;476;540;38
00055.jpg;702;413;747;455;25
00056.jpg;729;436;760;467;1
00057.jpg;990;418;1036;467;1
00058.jpg;786;394;824;435;12
00059.jpg;793;400;854;461;12
00060.jpg;296;508;323;535;38
00060.jpg;819;441;842;464;2
00061.jpg;1224;333;1285;394;2
00062.jpg;826;469;848;492;12
00063.jpg;815;499;837;521;9
00064.jpg;786;447;808;470;2
00065.jpg;973;377;1022;427;9
00066.jpg;569;483;618;535;38
00067.jpg;949;435;979;465;9
00068.jpg;849;458;872;479;13
00069.jpg;817;459;838;480;2
00070.jpg;946;300;1026;373;23
00071.jpg;788;437;828;473;24
00071.jpg;794;474;822;502;1
00071.jpg;794;503;821;529;9
00072.jpg;836;456;858;478;4
00073.jpg;723;431;752;457;23
00073.jpg;727;457;748;477;2
00073.jpg;727;476;749;497;9
00073.jpg;425;428;456;455;23
00073.jpg;430;453;452;475;2
00073.jpg;432;475;452;495;9
00074.jpg;383;527;421;569;38
00074.jpg;439;401;488;452;14
00074.jpg;929;378;981;431;14
00075.jpg;1120;350;1187;409;23
00075.jpg;1131;409;1179;456;4
00076.jpg;784;440;819;472;21
00076.jpg;789;471;815;495;2
00077.jpg;951;348;1015;408;20
00077.jpg;962;408;1011;455;9
00078.jpg;1211;206;1319;305;29
00078.jpg;800;462;821;483;13
00079.jpg;762;459;792;489;11
00080.jpg;829;381;880;432;9
00081.jpg;966;228;1044;299;13
00081.jpg;233;499;249;521;38
00082.jpg;247;492;331;580;38
00083.jpg;1054;208;1152;296;13
00083.jpg;1071;297;1142;368;40
00084.jpg;707;523;734;551;38
00085.jpg;846;429;875;458;1
00086.jpg;944;298;1007;361;12
00087.jpg;912;435;946;470;6
00087.jpg;306;421;340;456;6
00088.jpg;956;464;982;490;10
00088.jpg;410;464;436;490;10
00088.jpg;412;440;436;464;8
00088.jpg;956;440;981;464;8
00089.jpg;1025;438;1054;468;5
00089.jpg;634;447;660;474;5
00090.jpg;966;428;1007;464;13
00091.jpg;869;443;899;471;13
00091.jpg;1056;377;1096;414;13
00091.jpg;509;382;553;422;13
00092.jpg;718;440;739;462;13
00092.jpg;420;419;447;446;12
00092.jpg;423;449;444;470;35
00093.jpg;344;397;379;436;1
00093.jpg;1076;339;1119;389;1
00094.jpg;946;370;995;419;16
00094.jpg;113;316;189;392;16
00095.jpg;698;461;719;481;1
00095.jpg;695;437;723;461;19
00096.jpg;699;396;738;435;17
00096.jpg;1140;420;1176;458;17
00097.jpg;1125;338;1168;378;13
00097.jpg;288;328;334;368;13
00097.jpg;148;446;196;499;38
00098.jpg;1206;244;1296;323;13
00098.jpg;594;286;668;353;13
00099.jpg;910;495;953;533;20
00100.jpg;413;507;451;541;30
00100.jpg;863;505;902;540;30
00101.jpg;835;406;891;461;5
00102.jpg;933;314;990;365;13
00102.jpg;945;374;984;415;34
00103.jpg;855;396;890;431;36
00103.jpg;847;349;897;397;12
00104.jpg;767;462;808;499;25
00104.jpg;695;461;730;492;13
00105.jpg;256;438;303;484;18
00105.jpg;958;378;1024;440;26
00106.jpg;902;369;985;443;25
00107.jpg;486;485;540;537;25
00107.jpg;490;536;529;576;1
00109.jpg;990;484;1020;513;3
00110.jpg;929;489;954;513;9
00111.jpg;1091;465;1123;497;3
00111.jpg;350;503;382;535;3
00112.jpg;366;473;399;508;3
00112.jpg;1186;475;1225;514;3
00113.jpg;351;413;419;480;10
00114.jpg;1169;421;1231;484;3
00115.jpg;850;218;950;317;14
00115.jpg;330;523;351;545;38
00116.jpg;1078;254;1136;312;35
00116.jpg;383;473;400;502;17
00117.jpg;99;425;131;466;17
00117.jpg;438;500;496;558;38
00118.jpg;229;505;285;564;38
00119.jpg;847;472;873;496;23
00119.jpg;1082;393;1120;431;12
00120.jpg;58;243;164;345;2
00121.jpg;91;308;185;416;7
00122.jpg;500;496;521;518;7
00122.jpg;883;498;904;520;7
00123.jpg;519;492;550;524;7
00123.jpg;1101;483;1133;516;7
00124.jpg;532;481;558;507;4
00124.jpg;976;470;1002;496;4
00125.jpg;1019;313;1106;401;2
00126.jpg;840;374;868;404;2
00126.jpg;379;365;411;396;2
00127.jpg;138;385;175;423;5
00127.jpg;1009;380;1046;417;5
00128.jpg;1147;397;1180;431;12
00129.jpg;962;379;1008;426;9
00129.jpg;866;399;905;439;26
00130.jpg;209;426;236;453;1
00130.jpg;601;431;626;456;1
00130.jpg;318;439;345;467;18
00131.jpg;1010;430;1034;455;9
00131.jpg;474;389;500;415;1
00132.jpg;314;306;393;377;18
00133.jpg;839;408;861;432;12
00133.jpg;841;432;858;450;36
00133.jpg;505;415;522;432;35
00134.jpg;1008;299;1073;365;1
00135.jpg;718;298;777;356;1
00136.jpg;816;401;857;437;11
00137.jpg;824;324;892;384;11
00138.jpg;157;179;235;268;15
00138.jpg;1302;399;1336;432;15
00140.jpg;247;472;275;501;14
00141.jpg;857;379;894;416;2
00142.jpg;816;454;835;473;2
00143.jpg;241;187;310;256;12
00144.jpg;708;445;727;464;4
00146.jpg;1205;122;1327;246;41
00146.jpg;707;404;732;426;28
00146.jpg;711;427;729;445;2
00147.jpg;750;419;784;452;20
00148.jpg;872;353;943;416;30
00149.jpg;1131;274;1221;361;4
00149.jpg;1110;158;1231;273;12
00149.jpg;703;461;725;483;12
00150.jpg;824;345;865;386;2
00151.jpg;794;372;824;401;1
00152.jpg;605;424;627;447;12
00153.jpg;307;409;338;440;35
00154.jpg;692;410;717;436;35
00155.jpg;425;386;468;431;38
00156.jpg;819;388;848;417;9
00157.jpg;262;423;297;460;9
00157.jpg;885;392;926;432;9
00157.jpg;650;505;671;526;38
00158.jpg;907;414;933;440;41
00159.jpg;974;443;1031;506;39
00159.jpg;713;476;740;503;39
00159.jpg;86;473;117;504;38
00159.jpg;890;466;917;505;38
00160.jpg;610;388;653;428;25
00161.jpg;717;445;735;462;34
00162.jpg;244;430;262;448;17
00162.jpg;713;433;732;452;17
00162.jpg;544;444;562;462;17
00163.jpg;753;473;825;545;38
00164.jpg;874;375;918;416;26
00165.jpg;382;412;399;431;1
00165.jpg;689;292;745;340;11
00166.jpg;814;382;848;416;1
00167.jpg;369;446;392;469;2
00167.jpg;729;433;750;455;2
00168.jpg;693;419;719;442;18
00169.jpg;1089;153;1212;276;2
00170.jpg;912;322;944;358;4
00171.jpg;882;335;932;385;4
00171.jpg;883;385;932;433;9
00172.jpg;712;471;740;495;25
00172.jpg;718;418;737;437;1
00173.jpg;1111;279;1161;329;1
00174.jpg;718;413;753;444;28
00174.jpg;723;443;747;467;2
00174.jpg;801;302;860;364;12
00175.jpg;893;341;944;396;9
00176.jpg;850;414;875;440;2
00177.jpg;271;416;313;458;14
00177.jpg;746;423;785;462;14
00177.jpg;502;451;519;468;38
00177.jpg;1271;402;1308;437;13
00178.jpg;728;456;748;476;2
00179.jpg;686;421;707;440;12
00180.jpg;968;384;1004;421;2
00181.jpg;793;299;853;359;4
00182.jpg;656;412;685;441;2
00182.jpg;658;385;686;414;41
00183.jpg;766;369;806;406;19
00184.jpg;790;273;850;334;1
00185.jpg;967;150;1076;257;2
00186.jpg;603;455;621;474;4
00186.jpg;325;428;345;448;4
00186.jpg;602;433;625;456;12
00187.jpg;675;405;709;439;2
00187.jpg;161;393;194;428;2
00188.jpg;705;379;752;422;11
00189.jpg;853;339;917;394;18
00190.jpg;670;400;689;421;35
00191.jpg;693;406;728;439;11
00192.jpg;492;414;516;437;17
00192.jpg;314;440;334;461;1
00192.jpg;662;262;738;339;12
00193.jpg;727;224;834;331;14
00194.jpg;718;306;787;369;28
00195.jpg;1040;155;1161;268;11
00195.jpg;784;398;820;430;18
00196.jpg;726;316;787;370;13
00196.jpg;734;370;778;416;33
00196.jpg;534;471;558;496;38
00197.jpg;867;278;956;361;11
00198.jpg;681;438;699;456;36
00198.jpg;678;412;702;435;14
00199.jpg;826;322;882;374;11
00200.jpg;840;287;915;364;14
00200.jpg;849;364;901;416;34
00200.jpg;648;410;670;433;17
00200.jpg;257;403;281;428;17
00201.jpg;762;352;812;397;13
00202.jpg;657;319;702;365;14
00202.jpg;56;315;104;363;14
00203.jpg;758;375;784;400;0
00204.jpg;858;151;946;242;1
00204.jpg;730;260;783;316;34
00205.jpg;1202;332;1326;449;25
00206.jpg;61;105;135;178;34
00206.jpg;1159;197;1224;261;33
00206.jpg;827;471;847;493;38
00206.jpg;55;8;164;103;13
00206.jpg;1144;118;1235;196;13
00207.jpg;870;313;942;378;25
00208.jpg;638;239;732;319;18
00209.jpg;1110;287;1170;348;33
00209.jpg;1097;210;1184;287;13
00210.jpg;1017;418;1038;443;35
00210.jpg;1011;385;1043;418;12
00211.jpg;667;410;705;445;11
00212.jpg;293;427;315;450;34
00212.jpg;721;381;749;408;12
00212.jpg;756;402;782;430;33
00214.jpg;1185;130;1295;236;14
00214.jpg;1214;241;1288;312;33
00215.jpg;784;480;804;500;39
00216.jpg;312;442;337;467;5
00216.jpg;886;446;911;472;5
00217.jpg;971;267;1031;328;1
00218.jpg;808;437;827;456;33
00219.jpg;1080;270;1155;340;13
00219.jpg;1089;345;1144;401;33
00220.jpg;1127;285;1168;326;1
00221.jpg;988;420;1042;470;26
00222.jpg;985;354;1022;390;1
00223.jpg;816;334;858;374;1
00224.jpg;932;188;1024;278;28
00224.jpg;923;276;977;341;1
00224.jpg;977;263;1042;333;9
00225.jpg;856;268;924;334;1
00226.jpg;1152;224;1220;290;1
00227.jpg;1228;259;1306;329;18
00228.jpg;937;295;998;356;1
00229.jpg;1282;339;1332;383;28
00229.jpg;1273;384;1305;417;1
00229.jpg;1305;382;1341;414;9
00230.jpg;974;398;1002;426;1
00230.jpg;968;426;1007;463;28
00231.jpg;1146;362;1183;399;1
00232.jpg;589;495;617;524;38
00232.jpg;868;379;910;419;13
00232.jpg;297;420;340;459;13
00233.jpg;325;485;358;517;38
00234.jpg;1051;275;1115;338;1
00236.jpg;1081;274;1199;402;14
00237.jpg;822;361;854;393;14
00237.jpg;290;389;323;422;14
00238.jpg;842;400;881;435;18
00238.jpg;849;443;877;471;1
00239.jpg;788;411;814;436;18
00239.jpg;792;439;812;458;1
00239.jpg;827;412;855;441;12
00240.jpg;847;364;879;396;1
00241.jpg;838;400;880;442;2
00242.jpg;848;388;870;413;15
00242.jpg;1195;267;1302;366;13
00243.jpg;843;447;867;470;2
00244.jpg;491;390;530;429;10
00244.jpg;1238;349;1282;394;10
00245.jpg;477;442;499;464;10
00245.jpg;851;438;874;461;10
00246.jpg;311;381;354;425;10
00246.jpg;1091;354;1134;396;10
00247.jpg;471;453;492;474;5
00247.jpg;856;448;877;469;5
00248.jpg;204;452;229;479;5
00248.jpg;843;429;870;456;5
00249.jpg;1212;419;1244;452;2
00250.jpg;100;423;168;495;38
00250.jpg;907;446;932;471;2
00251.jpg;116;425;208;520;38
00252.jpg;915;389;960;434;9
00252.jpg;910;326;956;372;1
00253.jpg;1186;134;1301;244;9
00254.jpg;1172;270;1237;336;2
00254.jpg;1264;368;1295;398;23
00255.jpg;183;503;260;581;38
00256.jpg;1105;42;1232;153;18
00257.jpg;1237;334;1295;387;25
00257.jpg;1079;388;1119;423;25
00258.jpg;745;469;777;501;11
00258.jpg;346;490;381;522;11
00259.jpg;1202;329;1247;374;1
00260.jpg;720;266;784;330;0
00261.jpg;1150;250;1208;311;35
00262.jpg;894;282;953;341;36
00262.jpg;1042;37;1146;139;12
00263.jpg;646;417;666;437;2
00264.jpg;964;412;988;435;4
00264.jpg;965;435;988;458;9
00264.jpg;509;466;531;488;9
00265.jpg;800;426;831;456;24
00265.jpg;783;446;804;464;18
00265.jpg;805;458;827;480;1
00266.jpg;242;450;293;501;18
00267.jpg;834;380;856;402;36
00267.jpg;859;387;886;414;12
00268.jpg;891;396;917;422;2
00269.jpg;966;430;990;454;9
00270.jpg;1238;331;1291;385;41
00270.jpg;243;335;293;386;2
00270.jpg;1237;279;1291;332;2
00271.jpg;259;369;297;408;2
00271.jpg;1090;341;1130;381;2
00272.jpg;1223;315;1297;385;18
00272.jpg;310;398;377;461;18
00273.jpg;1080;286;1145;343;29
00274.jpg;975;395;1011;430;0
00275.jpg;1196;342;1237;384;33
00275.jpg;206;410;238;445;33
00276.jpg;798;346;845;388;29
00276.jpg;109;464;153;517;38
00277.jpg;1048;399;1071;422;16
00278.jpg;922;389;951;419;40
00278.jpg;915;354;955;390;13
00279.jpg;617;484;673;540;38
00280.jpg;1054;392;1083;422;2
00280.jpg;1131;357;1182;408;12
00281.jpg;982;363;1016;393;31
00281.jpg;984;392;1017;425;2
00282.jpg;869;414;901;444;29
00283.jpg;1177;114;1284;219;4
00284.jpg;980;269;1059;347;12
00284.jpg;993;347;1051;404;2
00285.jpg;1091;304;1146;359;14
00286.jpg;1015;360;1044;389;14
00287.jpg;1113;370;1154;411;2
00288.jpg;413;456;436;479;5
00288.jpg;983;438;1006;462;5
00289.jpg;285;401;326;444;6
00289.jpg;1282;379;1326;424;6
00290.jpg;1294;391;1326;428;5
00291.jpg;1129;384;1165;422;3
00292.jpg;982;422;1011;451;8
00292.jpg;315;447;345;476;8
00293.jpg;28;410;70;456;7
00293.jpg;1143;365;1193;415;7
00294.jpg;101;405;153;453;22
00294.jpg;1173;326;1231;381;22
00295.jpg;1227;364;1272;411;6
00295.jpg;98;417;142;463;6
00296.jpg;460;409;492;442;7
00296.jpg;1237;385;1269;417;7
00297.jpg;1015;444;1042;468;26
00297.jpg;593;443;620;466;26
00298.jpg;1220;168;1327;264;22
00298.jpg;1238;256;1314;331;2
00298.jpg;69;445;107;475;11
00299.jpg;1245;247;1304;306;42
00300.jpg;680;430;710;458;25
00300.jpg;779;420;801;443;2
00301.jpg;1062;260;1131;324;22
00301.jpg;1075;318;1125;368;2
00302.jpg;1123;333;1163;373;42
00303.jpg;1186;385;1215;414;2
00304.jpg;504;385;553;434;35
00305.jpg;765;368;827;422;11
00305.jpg;549;348;597;393;18
00306.jpg;1047;420;1084;455;20
00306.jpg;353;471;389;505;20
00307.jpg;457;474;488;505;17
00307.jpg;795;454;827;487;17
00307.jpg;892;417;934;457;22
00307.jpg;829;453;862;486;38
00309.jpg;180;388;220;431;7
00309.jpg;1159;353;1203;398;7
00310.jpg;285;426;317;459;42
00310.jpg;1150;390;1188;427;42
00311.jpg;616;424;650;458;8
00311.jpg;1295;391;1329;425;8
00312.jpg;122;267;225;379;5
00312.jpg;1226;411;1249;433;22
00312.jpg;677;434;699;453;22
00313.jpg;369;414;424;470;6
00314.jpg;1213;398;1247;434;5
00314.jpg;396;451;429;485;5
00315.jpg;1267;373;1310;419;6
00315.jpg;172;414;213;462;6
00316.jpg;693;413;719;437;20
00316.jpg;696;436;719;458;3
00316.jpg;994;395;1022;420;20
00316.jpg;995;421;1020;445;3
00317.jpg;1122;378;1166;421;32
00318.jpg;631;451;657;477;15
00318.jpg;779;481;800;502;38
00319.jpg;1201;403;1248;450;3
00319.jpg;569;436;612;481;3
00320.jpg;175;438;202;466;32
00320.jpg;921;403;951;434;32
00322.jpg;1166;327;1209;370;5
00322.jpg;338;406;381;449;5
00323.jpg;398;437;425;464;10
00323.jpg;854;438;881;466;10
00330.jpg;1050;313;1116;381;2
00333.jpg;116;414;176;477;14
00333.jpg;753;387;808;445;14
00334.jpg;323;452;369;498;15
00334.jpg;760;435;797;472;2
00337.jpg;901;408;932;438;12
00338.jpg;504;397;538;427;26
00338.jpg;505;425;536;453;2
00338.jpg;998;397;1031;426;26
00338.jpg;1000;426;1029;453;2
00339.jpg;627;442;660;476;1
00339.jpg;969;414;1021;463;12
00340.jpg;827;543;851;567;14
00340.jpg;827;521;852;546;33
00340.jpg;827;543;851;567;14
00341.jpg;923;465;997;533;13
00343.jpg;802;531;829;558;15
00343.jpg;483;507;512;536;15
00344.jpg;799;413;879;494;12
00346.jpg;291;541;321;571;5
00346.jpg;883;542;911;570;5
00347.jpg;913;545;970;597;30
00348.jpg;952;524;990;562;5
00349.jpg;53;455;114;514;10
00349.jpg;1244;465;1312;534;10
00350.jpg;475;543;508;576;10
00350.jpg;1092;542;1125;573;10
00351.jpg;511;533;538;560;5
00352.jpg;969;549;996;576;6
00352.jpg;528;553;555;580;6
00353.jpg;836;554;860;578;10
00353.jpg;456;559;477;581;10
00355.jpg;474;537;507;570;10
00356.jpg;946;520;1004;573;30
00356.jpg;249;499;310;555;30
00357.jpg;1095;524;1130;560;10
00357.jpg;463;528;500;565;10
00358.jpg;316;490;374;549;8
00359.jpg;879;559;903;583;8
00359.jpg;467;560;492;585;8
00360.jpg;1032;484;1076;528;8
00360.jpg;253;502;296;545;8
00362.jpg;252;470;370;574;30
00363.jpg;407;483;450;526;8
00363.jpg;409;525;453;568;10
00366.jpg;517;530;540;553;8
00366.jpg;518;553;541;576;10
00366.jpg;988;550;1014;573;8
00366.jpg;988;574;1015;597;10
00367.jpg;1028;501;1068;541;8
00367.jpg;1028;542;1071;583;10
00367.jpg;230;488;274;530;8
00367.jpg;235;533;276;573;10
00368.jpg;382;460;431;510;8
00368.jpg;378;509;431;561;10
00369.jpg;521;544;542;564;8
00369.jpg;520;564;543;585;10
00369.jpg;874;532;895;551;8
00369.jpg;875;550;896;571;10
00370.jpg;880;536;904;559;8
00370.jpg;880;558;907;584;10
00370.jpg;440;531;467;554;8
00370.jpg;442;553;468;578;10
00371.jpg;316;521;372;577;5
00372.jpg;974;486;1017;529;4
00373.jpg;164;517;195;548;4
00373.jpg;819;511;853;545;4
00374.jpg;999;527;1031;560;13
00374.jpg;671;563;696;589;12
00375.jpg;1229;521;1255;545;13
00376.jpg;266;487;309;530;6
00376.jpg;989;510;1031;552;6
00377.jpg;1133;504;1172;543;8
00377.jpg;239;490;278;531;8
00377.jpg;1133;543;1172;582;10
00377.jpg;236;532;277;573;10
00378.jpg;23;362;142;480;10
00378.jpg;22;242;145;362;8
00379.jpg;186;458;232;504;8
00379.jpg;1064;488;1112;536;10
00379.jpg;185;503;232;550;10
00379.jpg;1062;442;1109;489;8
00380.jpg;551;559;575;583;10
00380.jpg;953;564;976;587;10
00380.jpg;952;540;975;563;8
00380.jpg;551;535;575;559;8
00382.jpg;445;490;485;530;8
00382.jpg;446;529;485;568;10
00382.jpg;1209;496;1248;535;8
00382.jpg;1211;533;1250;572;10
00383.jpg;527;546;561;575;30
00383.jpg;988;542;1021;571;30
00384.jpg;1199;416;1263;480;8
00384.jpg;1202;479;1267;544;10
00385.jpg;977;529;1016;568;8
00385.jpg;267;531;307;571;8
00386.jpg;555;561;580;586;10
00386.jpg;977;550;1000;573;10
00387.jpg;411;499;477;563;30
00387.jpg;1185;484;1251;547;30
00388.jpg;1274;497;1346;561;13
00390.jpg;455;502;503;550;8
00390.jpg;1219;494;1265;541;8
00391.jpg;1260;502;1304;551;6
00391.jpg;198;508;247;558;6
00392.jpg;358;443;423;512;7
00393.jpg;278;484;373;571;23
00395.jpg;201;519;241;561;6
00395.jpg;903;519;938;555;6
00396.jpg;192;484;238;531;7
00396.jpg;998;468;1046;516;7
00397.jpg;949;559;983;593;10
00397.jpg;947;524;982;559;4
00398.jpg;769;517;796;540;26
00398.jpg;771;538;795;560;4
00398.jpg;772;558;796;582;10
00400.jpg;1236;480;1290;528;26
00401.jpg;420;496;461;537;4
00401.jpg;1122;497;1163;538;4
00402.jpg;1094;500;1132;538;42
00403.jpg;568;563;591;587;42
00403.jpg;940;558;966;584;42
00403.jpg;568;540;592;564;4
00403.jpg;939;532;965;559;4
00404.jpg;335;415;396;476;4
00404.jpg;1255;415;1312;472;4
00405.jpg;1255;470;1309;525;4
00405.jpg;355;444;411;499;4
00405.jpg;1249;397;1317;470;12
00406.jpg;520;554;551;581;18
00406.jpg;852;544;879;570;18
00406.jpg;1046;503;1097;551;30
00406.jpg;284;514;333;559;30
00408.jpg;128;463;212;539;18
00408.jpg;1132;479;1210;549;18
00410.jpg;367;615;423;671;38
00411.jpg;185;602;238;662;38
00411.jpg;110;557;139;588;17
00411.jpg;496;552;529;587;17
00412.jpg;1002;499;1047;545;7
00413.jpg;1038;480;1084;529;3
00414.jpg;1032;421;1078;468;3
00415.jpg;827;549;849;571;9
00416.jpg;813;505;851;543;3
00417.jpg;29;448;129;539;18
00418.jpg;455;537;488;566;22
00418.jpg;460;563;482;585;8
00419.jpg;979;489;1025;537;7
00420.jpg;828;542;851;565;3
00420.jpg;361;548;383;570;3
00421.jpg;946;554;976;581;13
00422.jpg;599;567;624;591;23
00423.jpg;365;469;451;547;25
00423.jpg;1151;445;1245;533;25
00425.jpg;302;503;342;543;5
00425.jpg;900;500;941;541;5
00425.jpg;302;543;342;583;10
00425.jpg;903;541;944;582;10
00426.jpg;1077;391;1197;502;25
00427.jpg;294;383;388;479;5
00428.jpg;325;548;353;576;7
00428.jpg;937;543;966;572;7
00430.jpg;929;414;1008;488;13
00431.jpg;275;527;314;564;8
00431.jpg;1141;496;1179;536;8
00432.jpg;237;560;263;586;8
00432.jpg;942;512;970;540;8
00433.jpg;510;529;566;583;25
00434.jpg;167;194;257;286;5
00435.jpg;834;535;862;564;9
00436.jpg;794;531;816;553;5
00438.jpg;533;559;554;580;41
00438.jpg;841;556;862;577;41
00439.jpg;1194;504;1251;564;8
00440.jpg;1243;492;1324;562;23
00441.jpg;1063;531;1112;580;8
00443.jpg;817;550;847;578;18
00443.jpg;823;579;843;598;8
00443.jpg;470;551;502;578;18
00443.jpg;477;578;497;596;8
00444.jpg;379;528;427;573;20
00444.jpg;964;531;1009;573;20
00444.jpg;389;569;419;600;7
00444.jpg;972;572;1001;601;7
00445.jpg;1021;498;1066;544;5
00445.jpg;213;519;254;561;5
00446.jpg;401;507;441;544;17
00446.jpg;767;497;803;530;17
00446.jpg;774;568;807;601;38
00447.jpg;1182;418;1268;495;13
00448.jpg;581;598;602;620;38
00449.jpg;212;468;254;507;13
00449.jpg;812;448;853;486;13
00450.jpg;1104;359;1181;429;11
00451.jpg;790;558;819;585;11
00452.jpg;876;543;914;578;25
00453.jpg;1215;332;1302;407;28
00453.jpg;895;497;922;524;11
00453.jpg;224;407;279;457;28
00455.jpg;1094;362;1184;442;11
00456.jpg;421;414;476;470;3
00457.jpg;1243;418;1301;475;2
00457.jpg;517;466;554;504;2
00458.jpg;989;493;1018;525;12
00459.jpg;877;515;912;548;25
00459.jpg;884;548;909;573;1
00460.jpg;829;456;859;484;12
00460.jpg;831;481;862;512;33
00461.jpg;1231;264;1302;331;12
00463.jpg;555;628;585;659;38
00465.jpg;1241;315;1331;395;13
00466.jpg;1215;399;1267;443;13
00466.jpg;514;468;548;497;13
00466.jpg;1226;440;1263;475;35
00466.jpg;519;494;543;518;34
00467.jpg;1132;501;1168;537;3
00468.jpg;1128;506;1165;544;3
00470.jpg;823;489;847;513;1
00470.jpg;904;514;938;549;13
00470.jpg;1135;218;1248;331;12
00471.jpg;789;491;817;520;12
00472.jpg;880;500;925;544;12
00473.jpg;507;532;540;565;10
00473.jpg;1152;506;1184;538;10
00474.jpg;1242;549;1274;581;7
00474.jpg;514;569;545;600;7
00475.jpg;1233;468;1310;543;7
00476.jpg;163;518;199;555;7
00476.jpg;1152;523;1187;558;7
00477.jpg;298;506;338;546;5
00478.jpg;921;470;963;512;5
00478.jpg;218;483;258;523;5
00479.jpg;982;498;1025;539;13
00479.jpg;990;539;1020;569;40
00480.jpg;1055;444;1103;492;2
00481.jpg;908;502;944;535;18
00482.jpg;732;526;768;564;12
00482.jpg;260;528;296;570;17
00482.jpg;283;564;303;590;17
00482.jpg;1055;566;1071;587;13
00483.jpg;150;510;203;563;7
00483.jpg;1182;531;1232;583;7
00484.jpg;339;509;372;542;16
00484.jpg;1002;529;1035;563;16
00485.jpg;203;377;278;454;16
00486.jpg;410;519;465;574;7
00487.jpg;625;606;644;625;38
00488.jpg;494;611;516;633;38
00490.jpg;842;516;870;539;13
00490.jpg;644;596;668;620;38
00490.jpg;847;536;867;556;40
00491.jpg;430;568;488;637;38
00492.jpg;893;528;923;557;11
00493.jpg;910;450;966;501;18
00494.jpg;1113;300;1211;395;1
00496.jpg;511;494;552;536;8
00496.jpg;509;535;550;576;10
00497.jpg;392;611;425;651;38
00498.jpg;249;586;298;634;38
00498.jpg;248;482;292;526;17
00499.jpg;1009;497;1056;539;13
00500.jpg;952;499;1000;546;5
00501.jpg;943;557;962;577;4
00501.jpg;610;558;628;577;4
00501.jpg;120;282;227;386;17
00501.jpg;107;637;216;748;38
00502.jpg;57;556;85;584;17
00502.jpg;579;555;606;582;17
00502.jpg;558;577;592;611;38
00503.jpg;354;579;423;650;38
00504.jpg;379;595;410;627;38
00505.jpg;1052;480;1092;521;12
00507.jpg;878;473;933;524;11
00507.jpg;657;587;673;605;38
00508.jpg;865;495;908;534;11
00509.jpg;833;487;877;527;11
00512.jpg;230;486;270;522;5
00512.jpg;1139;490;1179;530;5
00513.jpg;142;501;197;556;7
00514.jpg;381;511;418;548;10
00514.jpg;1168;491;1206;530;10
00515.jpg;257;361;333;435;3
00516.jpg;240;275;298;333;34
00517.jpg;271;422;345;496;10
00518.jpg;451;526;499;574;7
00519.jpg;454;531;507;584;7
00520.jpg;380;507;436;565;10
00521.jpg;377;574;405;604;7
00521.jpg;946;565;976;595;7
00523.jpg;1285;512;1330;555;10
00523.jpg;455;515;502;562;10
00524.jpg;187;530;241;584;7
00524.jpg;1219;528;1271;580;7
00527.jpg;874;426;904;456;10
00527.jpg;359;420;389;450;10
00528.jpg;985;339;1026;380;7
00528.jpg;166;415;205;455;7
00530.jpg;425;401;460;435;10
00530.jpg;1010;401;1043;434;10
00531.jpg;484;443;504;463;10
00531.jpg;909;431;931;453;10
00536.jpg;27;428;57;458;17
00536.jpg;327;452;353;478;17
00536.jpg;724;479;740;495;38
00542.jpg;842;440;866;464;12
00544.jpg;1054;297;1122;358;11
00544.jpg;990;425;1028;459;25
00544.jpg;744;438;762;458;1
00545.jpg;213;435;247;474;15
00548.jpg;775;432;811;468;14
00548.jpg;782;469;807;494;36
00551.jpg;937;465;966;493;16
00552.jpg;537;512;554;529;8
00552.jpg;538;528;554;544;10
00552.jpg;814;508;832;526;8
00552.jpg;815;525;831;541;10
00554.jpg;947;472;984;507;18
00556.jpg;1195;499;1253;557;38
00557.jpg;273;462;317;502;23
00557.jpg;458;461;506;508;13
00560.jpg;1039;173;1099;233;3
00564.jpg;755;368;799;408;11
00565.jpg;731;336;764;370;12
00566.jpg;655;395;689;429;9
00566.jpg;124;419;156;451;9
00566.jpg;461;489;481;508;38
00567.jpg;1050;409;1109;460;22
00570.jpg;881;416;914;449;9
00571.jpg;1287;361;1308;384;17
00575.jpg;403;474;435;506;38
00593.jpg;584;510;608;534;38
00599.jpg;700;454;722;476;9
00601.jpg;82;450;145;508;7
00602.jpg;1268;555;1299;586;8
00602.jpg;443;543;474;574;8
00603.jpg;361;445;417;500;10
00604.jpg;365;482;437;546;30
00605.jpg;167;511;206;550;4
00605.jpg;846;501;881;535;4
00606.jpg;853;501;887;535;42
00607.jpg;888;472;950;526;24
00608.jpg;948;370;1001;420;12
00609.jpg;809;507;841;539;4
00609.jpg;310;512;343;546;4
00610.jpg;912;525;939;553;12
00610.jpg;917;553;938;574;4
00611.jpg;839;488;872;521;4
00611.jpg;840;520;873;552;10
00612.jpg;127;521;218;612;38
00612.jpg;170;374;246;451;17
00613.jpg;1132;561;1169;598;5
00613.jpg;478;546;513;581;5
00615.jpg;881;530;926;572;18
00615.jpg;890;572;918;600;8
00615.jpg;375;531;421;574;18
00615.jpg;386;571;413;600;8
00616.jpg;437;558;463;584;32
00616.jpg;876;541;904;569;32
00619.jpg;841;415;880;450;13
00620.jpg;863;425;892;454;9
00621.jpg;782;443;808;469;4
00622.jpg;814;424;860;465;22
00623.jpg;974;374;1034;434;4
00624.jpg;387;505;434;554;38
00624.jpg;821;464;845;488;2
00625.jpg;1037;377;1102;443;2
00626.jpg;857;404;895;442;2
00626.jpg;857;444;893;480;9
00628.jpg;998;276;1085;363;32
00630.jpg;1219;315;1285;385;4
00631.jpg;799;478;834;512;4
00631.jpg;794;434;839;479;12
00632.jpg;101;379;147;424;1
00633.jpg;290;501;360;582;38
00634.jpg;525;371;570;416;2
00635.jpg;826;423;864;461;9
00637.jpg;868;401;916;445;11
00638.jpg;914;374;953;414;1
00639.jpg;289;504;337;553;38
00640.jpg;1105;353;1176;424;4
00640.jpg;1089;257;1187;355;12
00641.jpg;26;425;68;467;17
00642.jpg;860;327;934;401;12
00642.jpg;434;496;457;518;38
00644.jpg;76;514;130;571;38
00645.jpg;1034;311;1090;367;1
00646.jpg;1059;440;1090;469;13
00646.jpg;560;434;590;460;13
00647.jpg;611;515;633;537;38
00648.jpg;346;378;414;439;25
00649.jpg;819;304;866;350;12
00650.jpg;1123;281;1193;350;12
00650.jpg;487;515;508;537;38
00651.jpg;788;339;861;405;25
00651.jpg;800;404;851;456;1
00653.jpg;786;418;808;441;35
00653.jpg;780;380;811;411;12
00654.jpg;1241;301;1297;360;12
00655.jpg;935;322;984;370;12
00655.jpg;544;520;564;540;38
00656.jpg;574;465;599;490;15
00657.jpg;991;400;1026;435;16
00658.jpg;858;340;937;410;23
00659.jpg;993;430;1033;470;2
00660.jpg;943;422;979;458;9
00661.jpg;1138;401;1169;430;2
00662.jpg;948;440;993;481;22
00663.jpg;830;307;896;367;13
00664.jpg;842;393;886;438;12
00664.jpg;849;437;880;468;4
00665.jpg;693;413;742;455;23
00665.jpg;557;471;579;493;4
00667.jpg;737;444;764;471;4
00668.jpg;1083;254;1172;340;2
00668.jpg;1070;139;1187;254;12
00669.jpg;899;393;949;444;4
00670.jpg;997;306;1064;373;4
00671.jpg;839;348;892;394;26
00671.jpg;846;393;883;430;2
00672.jpg;892;325;950;376;13
00672.jpg;123;265;194;328;13
00673.jpg;414;406;474;459;11
00674.jpg;717;371;751;405;1
00675.jpg;641;503;676;538;38
00675.jpg;1008;388;1043;422;13
00675.jpg;1012;421;1037;447;40
00678.jpg;698;403;742;445;13
00679.jpg;720;409;759;450;33
00679.jpg;705;343;768;406;14
00680.jpg;900;394;953;448;1
00680.jpg;367;439;395;467;35
00681.jpg;820;434;846;460;1
00682.jpg;278;426;319;467;35
00682.jpg;885;421;930;466;35
00682.jpg;261;486;290;515;38
00683.jpg;387;455;409;477;10
00683.jpg;889;450;913;475;10
00685.jpg;615;508;659;552;38
00686.jpg;377;437;412;474;5
00688.jpg;850;410;886;446;14
00688.jpg;401;428;434;461;14
00689.jpg;590;488;621;516;25
00689.jpg;890;485;922;514;25
00690.jpg;775;506;799;529;4
00691.jpg;885;492;907;514;4
00691.jpg;469;490;490;512;4
00692.jpg;1050;357;1091;397;15
00693.jpg;984;383;1024;423;3
00694.jpg;808;411;841;443;12
00695.jpg;793;386;824;417;12
00696.jpg;717;446;737;466;9
00697.jpg;944;322;1020;389;25
00698.jpg;737;413;765;442;1
00699.jpg;727;413;756;443;1
00700.jpg;848;348;913;406;13
00701.jpg;1042;396;1088;442;2
00701.jpg;1032;333;1096;396;12
00702.jpg;688;446;707;468;12
00703.jpg;994;311;1051;363;28
00703.jpg;1001;360;1042;401;1
00704.jpg;766;411;793;438;2
00705.jpg;955;343;991;378;1
00706.jpg;866;371;899;402;1
00707.jpg;907;383;943;419;4
00710.jpg;1084;201;1164;283;2
00712.jpg;932;361;984;413;9
00714.jpg;784;313;828;357;1
00715.jpg;285;346;351;412;38
00716.jpg;820;335;869;386;4
00716.jpg;814;266;882;335;12
00717.jpg;835;435;859;459;4
00719.jpg;933;390;969;427;2
00720.jpg;737;429;756;448;2
00721.jpg;901;354;935;385;13
00722.jpg;104;364;164;418;23
00722.jpg;992;330;1049;381;23
00723.jpg;746;360;800;408;23
00723.jpg;180;366;236;414;23
00723.jpg;696;424;717;446;4
00725.jpg;552;599;573;621;39
00728.jpg;498;563;532;596;25
00729.jpg;536;489;570;523;3
00730.jpg;466;443;512;490;3
00730.jpg;1053;517;1083;547;3
00732.jpg;966;528;992;554;12
00733.jpg;442;583;490;632;38
00733.jpg;508;426;543;462;4
00733.jpg;937;523;965;551;4
00734.jpg;1090;450;1166;528;3
00736.jpg;828;550;856;577;25
00737.jpg;603;444;638;476;13
00737.jpg;470;449;507;483;13
00738.jpg;555;605;584;634;38
00740.jpg;1163;510;1213;560;5
00740.jpg;489;513;534;558;5
00740.jpg;1071;554;1094;577;13
00741.jpg;438;558;465;585;10
00741.jpg;972;555;1000;583;10
00742.jpg;334;562;368;596;7
00742.jpg;960;554;995;587;7
00744.jpg;1155;536;1183;564;13
00746.jpg;1135;492;1181;537;8
00746.jpg;235;469;281;515;8
00746.jpg;236;515;280;561;10
00746.jpg;1138;537;1182;579;10
00747.jpg;298;489;345;538;6
00747.jpg;1148;506;1196;553;6
00749.jpg;301;551;346;596;5
00749.jpg;1153;546;1200;593;5
00751.jpg;725;568;755;596;13
00752.jpg;934;448;979;494;1
00754.jpg;728;593;767;632;38
00755.jpg;1084;294;1208;418;12
00755.jpg;852;518;883;549;1
00755.jpg;563;595;593;625;38
00756.jpg;881;524;931;574;12
00758.jpg;982;521;1014;553;8
00758.jpg;374;515;406;547;8
00758.jpg;376;548;407;579;10
00758.jpg;982;553;1015;586;10
00760.jpg;591;538;616;563;8
00760.jpg;591;563;616;587;10
00760.jpg;1023;542;1049;569;8
00760.jpg;1024;568;1048;592;10
00761.jpg;35;541;95;597;38
00762.jpg;334;378;401;438;13
00762.jpg;1154;405;1218;465;13
00763.jpg;865;514;904;547;11
00764.jpg;814;511;851;547;11
00766.jpg;256;495;289;533;15
00770.jpg;1059;503;1095;539;41
00770.jpg;468;535;497;564;17
00770.jpg;526;578;555;607;38
00771.jpg;836;437;870;468;18
00771.jpg;867;478;917;523;13
00771.jpg;153;536;204;583;13
00772.jpg;842;553;864;573;18
00773.jpg;879;514;903;538;1
00773.jpg;1048;430;1094;476;12
00774.jpg;929;516;961;548;1
00775.jpg;884;483;930;529;1
00776.jpg;861;505;893;537;1
00776.jpg;1076;315;1188;427;12
00776.jpg;646;604;667;625;38
00777.jpg;834;526;858;550;1
00777.jpg;916;404;981;469;12
00778.jpg;989;554;1033;599;39
00779.jpg;505;487;553;532;24
00780.jpg;365;468;466;558;25
00780.jpg;1165;572;1227;636;3
00780.jpg;1142;487;1237;575;25
00780.jpg;380;557;444;621;3
00782.jpg;1007;455;1052;497;13
00782.jpg;225;454;279;502;13
00783.jpg;276;568;319;614;38
00784.jpg;31;576;152;701;38
00785.jpg;510;435;542;467;34
00785.jpg;1003;469;1035;501;34
00785.jpg;504;397;548;435;13
00785.jpg;996;428;1040;470;13
00787.jpg;1003;422;1090;497;11
00787.jpg;377;595;393;613;18
00788.jpg;959;501;1042;586;18
00789.jpg;759;516;787;545;14
00791.jpg;906;469;961;519;30
00791.jpg;985;412;1062;489;4
00794.jpg;1032;518;1062;551;12
00795.jpg;168;612;216;663;38
00797.jpg;832;456;866;489;37
00797.jpg;396;494;423;522;34
00797.jpg;391;466;428;500;13
00797.jpg;822;417;868;457;13
00798.jpg;786;545;806;565;2
00798.jpg;1090;445;1162;509;13
00801.jpg;503;446;535;480;38
00802.jpg;596;181;698;269;28
00802.jpg;610;267;683;336;1
00803.jpg;771;232;835;295;1
00803.jpg;772;322;837;387;9
00805.jpg;870;369;914;412;28
00806.jpg;807;407;832;432;1
00807.jpg;823;370;867;408;11
00808.jpg;272;463;315;507;38
00808.jpg;795;264;866;326;28
00809.jpg;689;359;720;392;14
00810.jpg;622;319;692;385;11
00810.jpg;460;385;492;415;18
00811.jpg;702;356;737;389;11
00813.jpg;928;250;1010;333;33
00813.jpg;913;147;1022;250;13
00816.jpg;954;363;1006;410;18
00817.jpg;707;407;751;447;11
00818.jpg;718;430;745;455;25
00820.jpg;1057;254;1169;356;11
00821.jpg;859;444;882;466;5
00821.jpg;333;442;356;466;5
00822.jpg;785;407;818;436;11
00823.jpg;1062;379;1094;408;13
00823.jpg;1068;408;1090;430;40
00823.jpg;805;479;834;508;38
00824.jpg;232;416;267;451;15
00825.jpg;1083;378;1108;404;1
00827.jpg;921;442;960;485;14
00827.jpg;539;473;570;510;38
00828.jpg;860;384;932;450;18
00829.jpg;553;399;576;422;1
00829.jpg;1004;253;1114;373;12
00831.jpg;975;371;1014;410;1
00833.jpg;776;332;822;378;1
00834.jpg;1130;264;1187;325;1
00835.jpg;765;415;793;440;11
00836.jpg;57;363;92;395;13
00837.jpg;1201;368;1262;422;18
00838.jpg;1068;382;1097;411;2
00838.jpg;443;419;470;446;2
00839.jpg;1234;297;1279;342;2
00839.jpg;1234;343;1280;388;9
00839.jpg;303;365;346;409;2
00839.jpg;305;409;348;454;9
00841.jpg;593;482;623;512;38
00842.jpg;1025;227;1086;288;14
00844.jpg;977;332;1013;370;12
00845.jpg;958;414;991;444;22
00846.jpg;374;383;409;418;2
00846.jpg;1091;348;1128;385;2
00848.jpg;982;241;1054;313;1
00849.jpg;398;359;441;412;14
00849.jpg;400;412;435;447;33
00850.jpg;973;373;1005;405;1
00851.jpg;1092;312;1147;367;1
00852.jpg;1091;278;1143;328;29
00853.jpg;943;415;971;444;40
00853.jpg;683;484;705;506;38
00853.jpg;935;383;972;417;13
00854.jpg;1182;254;1255;327;2
00855.jpg;1151;290;1259;387;23
00855.jpg;917;410;950;443;12
00857.jpg;852;433;875;456;14
00857.jpg;1129;262;1224;349;13
00858.jpg;811;434;839;460;18
00859.jpg;892;386;931;423;28
00860.jpg;1077;144;1168;231;2
00862.jpg;285;425;362;501;7
00863.jpg;420;413;455;448;42
00863.jpg;1222;378;1257;414;42
00864.jpg;910;443;931;462;22
00865.jpg;342;186;429;273;14
00865.jpg;573;490;597;514;38
00866.jpg;1004;398;1032;426;10
00867.jpg;119;424;180;482;26
00867.jpg;1101;389;1171;452;26
00868.jpg;590;470;610;488;26
00868.jpg;876;450;896;469;26
00869.jpg;60;405;129;475;26
00869.jpg;1233;317;1310;391;26
00870.jpg;569;456;590;477;5
00870.jpg;1030;441;1050;461;5
00871.jpg;375;407;411;443;5
00871.jpg;1273;381;1313;421;5
00872.jpg;937;406;970;439;10
00872.jpg;318;416;351;449;10
00874.jpg;1233;387;1298;450;31
00876.jpg;466;469;491;494;3
00876.jpg;776;477;796;497;3
00879.jpg;301;535;341;575;32
00879.jpg;988;506;1029;547;32
00881.jpg;1131;561;1168;598;5
00881.jpg;478;546;513;581;5
00882.jpg;244;546;317;617;5
00884.jpg;855;477;890;512;4
00884.jpg;854;512;889;545;10
00885.jpg;202;532;281;611;38
00885.jpg;230;403;296;469;17
00886.jpg;815;517;838;540;4
00886.jpg;815;540;840;565;10
00887.jpg;852;523;879;550;36
00888.jpg;989;315;1043;370;35
00888.jpg;779;546;802;569;12
00889.jpg;689;530;713;554;4
00889.jpg;687;500;717;530;12
00891.jpg;747;551;767;571;4
00891.jpg;473;556;493;576;4
00893.jpg;821;482;849;510;12
00894.jpg;389;527;417;555;4
00894.jpg;1093;529;1132;568;4
00894.jpg;1085;478;1134;527;12
00895.jpg;193;482;238;527;4
00895.jpg;966;418;1014;466;4
00896.jpg;808;412;846;450;15
00897.jpg;804;526;828;550;42
00898.jpg;323;504;355;536;4
00898.jpg;817;510;849;542;4
00899.jpg;864;484;921;534;24
